3.67090950368883
0.191926190264124
0.958686609782766
-0.352892508926548
4.33740570558046
3.54462216091341
2.97195930109666
3.39420038418418
2.90914620045053
1.91387372970011
2.3535242374474
4.64626690372445
5.60726984624504
3.37301447991105
5.82977477081008
3.26232874209251
1.90690994563154
2.96557614666898
7.61395691836181
2.0590172449934
4.59926705549473
3.56080649949432
2.16732198664575
2.35790831465842
3.44328242613153
-0.76597756443003
3.03779541837748
2.65951778467979
2.57455002127541
4.39021383957936
2.66164429243419
0.557641322490727
2.48230798607928
3.14414557338758
2.26269057840983
1.33567172720708
1.95903109427845
3.17730974038711
1.88201556668911
0.852000629792754
3.56453546823095
2.72301038652215
7.53020259524474
3.48672108940233
0.934949331993026
0.64354064111906
-0.346687816798506
2.13984348079642
3.89543973619133
4.98147546525349
-0.424488814365438
3.89733401789863
2.27473240947309
2.47953680078956
3.47092544475531
1.61093314969428
5.7945912389213
1.54083879179301
2.02274519778796
6.12683540126954
4.28916764812228
1.37903901468832
-0.976841878677736
3.81071753725638
1.44166891635333
4.58484317706175
1.79641421344427
2.61275439486451
2.63297545749345
3.94391419507842
2.85878573427208
3.56657977782983
2.91225559349851
1.12398298326471
3.49395975700773
1.97277465718695
4.28978933913881
1.88422294171583
2.95490940814637
4.68406916542114
5.97306512697321
4.85629871692512
4.2523114146938
3.05673887537144
4.37995606554725
1.51360119686135
1.66537089129971
4.44239869131332
1.17046410293493
4.59294236481811
-0.0214962921582484
5.24413815785188
5.42212014203962
1.77774806215984
5.70606316351267
1.63867149772532
4.17220573756427
3.65544559094386
5.18791157168892
4.04567953455091
3.47671243193944
3.40610849346196
4.53533629782501
2.1220106854599
1.98685662403707
-1.03793412605845
-1.61435494923681
2.03485320880374
0.817254480617371
6.8823656162937
1.96468509066205
5.07054704877956
1.20705235584289
3.26413198745991
2.69170353620327
4.99929451070737
1.81210413921955
7.36404493770871
2.56705069282909
3.26340025426236
4.48243595270283
6.92162824327534
1.95627999530482
2.09083187316226
1.48965987229845
3.10332362143791
1.85042259215254
3.03772595873829
1.90879746823662
4.64959324059133
2.32986420375149
2.23506058247071
4.18051834833947
7.07757190157514
0.0479818459269652
3.12382238642821
5.58001120330629
3.93513731447332
3.78609245746125
4.06414491004474
0.337230757681422
4.64649059883133
2.29884270625523
7.04856174801685
2.23439951347335
7.13558900578238
0.362138123325103
-0.269873126405887
1.57966492468951
7.28290271840293
3.33918193397453
7.20800401807117
2.55682515744499
7.86686383969966
0.281842611806343
4.73720725036602
5.77435652587877
3.25768277927361
3.12171010034359
2.93031527020556
2.07085375858626
3.12576071888728
3.38160606315293
2.25851410325754
4.66332567021084
4.27993813108311
2.87308208755722
3.07609959342209
2.13114747808499
9.13244996253088
1.66288683823797
3.81398256741235
6.90028743980134
1.79024048993874
2.03320494866859
4.66731847228723
3.54571731842382
4.72005742342694
3.37532977076907
7.34615783160056
2.11069717725588
1.34976397489001
2.49546561919009
4.17209978633259
4.79557115733699
2.94702076045831
4.30936589477696
3.49580341186984
0.0900332131104443
4.61061661958799
3.62429152830501
1.06177749144402
4.52553302620294
2.90455965400661
1.33167959584591
3.60541180899832
0.291966243091523
5.70923216599948
2.60320611186593
0.80593586125341
3.85926330439242
1.58924193040608
4.09612973276733
4.74045688892514
1.74632620739697
5.58637390216566
3.05830794235296
4.63548031263675
2.36769683314793
2.83466842205781
0.672819148375928
4.29333019754644
1.51153895347193
3.68634500379797
2.58660840320081
3.33300678781771
5.56725559519345
3.31280207011553
2.66609238870527
3.16640322694448
1.00183044618278
5.8370178638155
3.66836501740314
3.58469995353347
3.21923327122415
2.5312752317198
3.36819377170914
3.72224767243397
5.4744624958111
3.3934347444704
3.98544204989361
0.118575601712116
0.692505344876436
1.03663832529755
4.21451487364152
5.57007270594702
1.42774490849561
5.2596314898313
2.75640201937685
2.02735011984946
3.0571794632284
0.680652672607367
3.93238996743218
1.44432203314813
3.2836624285817
0.0512844540464471
4.29430654953196
3.25639461114373
6.93924622499688
2.87788505569215
3.36812892430774
2.59267686448387
4.57542833490726
1.44000259231602
5.90321290930467
2.59364480623174
2.48711606004628
3.95558519149031
1.70989277636229
1.925912131737
1.94160406569678
-1.61065391607997
3.8910816892754
4.88216109502754
3.67993540485574
0.66676641179771
4.5830186116162
3.15696224358215
-0.00575847300059479
1.31494883281125
4.57190154591442
4.32874887285281
2.58974136636803
8.10014013619889
5.37848187280279
5.23712922792309
2.68380120903724
2.6953470827993
-1.6989947120215
4.76710625546156
-0.326225983243593
-1.93522616703206
2.86551810346431
3.89180013615197
1.94069916421469
5.21684267157551
6.22354885684266
3.49529205386769
3.84028651364709
1.49106418186207
3.98799546750209
3.04651774134699
2.27545670898449
5.61343912502088
0.158912306392909
2.66042461454667
3.88484986711777
4.50674003261389
3.37113156325886
3.86027224371076
3.04368322544084
6.00327511935502
2.79300336626544
5.1619337050961
-1.1434097134316
5.31237790555737
0.38861257425725
4.34019447054737
3.34457075526488
3.64409655442533
4.13682702623681
5.43468868516717
3.15510441762795
6.38272386240291
1.96964853514153
4.7421144432379
1.64284662653513
3.7065718756243
2.69381124036402
1.7970044154739
-1.89131711858734
1.9341903930758
4.04735052115331
2.62719528874991
2.00431640104887
4.09118878389735
4.77564803977823
1.10784815638646
-1.59202467330116
0.618005906799757
2.18486296647492
4.8641417386952
3.78474487474093
0.567994792120917
1.67390275914121
3.42750837914697
6.93364372131867
2.8012853156508
3.54468249177888
0.911669667928446
-2.85697822586944
1.58822742298173
3.6685320340106
1.48900832417258
4.93509715640697
1.52903930221
1.4539727929495
3.87393965972591
3.28401340656517
-0.650536648769259
2.88630861116816
6.79754223035728
0.0725300518260932
0.884502489209159
3.8954662745929
0.172102140805108
1.80389738430619
-1.51134672092288
-0.237197916280657
5.22499464580576
1.49777577907399
2.43245112408562
2.87552169811759
4.47818060080562
3.24970352027553
3.13214114427237
0.909750119091706
0.940300745645772
1.87680807619069
4.05244934284424
2.04052023679636
5.5667785230462
5.09529362936326
5.09748181506855
1.15940386982843
0.254597501787277
0.886941693847437
0.712376005537232
1.42827301570648
0.453306835728566
5.92324916580653
1.7392260019175
4.07997075442725
-0.186686961711052
1.55558721110616
1.05511506983743
0.461805371225329
-0.574725370818397
5.6471715257489
4.83020029156838
3.35845022957891
3.28047469994846
0.430016654731684
0.747834971328913
6.50661731880414
3.11403416713171
0.161929740862103
0.581326990555641
1.7044456779589
1.81103073107644
1.86399773721429
0.622022702120781
3.46619882579133
1.15922394214301
1.68282661749517
4.30473743787906
4.15923715267787
1.11336972775588
2.69714040406784
2.41477027849019
3.28414167313227
5.03867353559052
0.408727207350383
4.42726588953045
1.51349377459854
2.96377168236256
-1.93682371848521
5.31359762289622
4.67429882501122
3.41321417051315
4.57250384942879
-0.300765412337423
-0.0594428542549812
4.49747922507929
4.55476926377934
1.90222735199955
2.89325854727406
5.64504952862729
1.66815196631488
4.46866674443397
2.09420896103307
2.50319153168958
1.51362107342376
6.31031476195795
1.94850887307985
0.547106496759398
4.37296444052563
1.68881546125298
4.66672683684288
-0.611357040501
3.48930726434092
3.29301930219062
2.51161305449797
1.49880562292063
2.36537028069228
3.64384949432113
-1.59590330718054
6.20521129888538
0.628455040226849
2.91005282619651
4.30987383047647
1.74839137658769
5.18096204092733
3.76557258861831
2.02754609792423
4.07470341552582
1.04778515792482
3.79116696924573
3.60035553769276
-0.952117463371961
4.59435895678207
1.68872746187139
2.18125022407543
5.17567481160023
-0.266583660619655
3.44891306604719
1.87486624602501
4.33393823437917
3.91595249026311
4.84747022895614
5.34208156786578
1.77304096256135
4.85399595345321
1.92117377699534
3.7291703417533
3.38676226597524
7.55035105934483
2.02504542057105
3.12314613193852
1.70136451176275
2.85276406737335
0.964653353029471
3.50548466286653
3.20761605320043
5.31623111265114
1.2147136866353
5.00803642650992
0.93837058080639
2.52992728577578
2.71948834738213
0.761073337710923
2.9483166417585
3.07563470356636
3.80016295889437
1.3937404807477
8.19347578411758
6.30640379409388
3.26995056767755
1.60382488245595
0.958573878551543
0.149700609193004
2.39013327348704
2.02617258906789
2.30794056940059
1.14012926787959
2.07295969323382
3.44421259269007
3.79934152463766
1.09863464327734
5.0096483532991
2.64483255368713
1.76362472639267
-0.819076214012613
3.40028115826181
5.72493963480122
5.28407066708461
-2.33537406606636
4.02968380085551
6.60520742074297
1.02862023894863
7.01012341613061
3.87239979613847
4.97034899248208
1.68004779395725
3.26465101333688
1.73048959843487
1.76026019736219
7.02960599831458
0.133150265530282
0.904991143857219
4.25185863651956
4.09901423401068
5.79261038735515
5.94344781842962
3.77468497829024
4.27930686140439
3.08528570194539
3.98151388044416
4.92486290356809
4.1356058235702
2.91473171172043
4.05262358227627
5.32763036823217
2.89789175429376
3.10719288064268
7.05697106716807
4.69116618332138
3.1647474501971
0.411995249625671
5.22828755211481
8.07053228482078
2.19233124064631
-0.852578224387191
3.62255732322359
4.72698238404395
4.94650440299129
3.59459813358545
4.12663279835399
3.70584014707189
-1.61108940978334
5.0395621488436
2.03551360468696
2.18807485236193
1.50255328751054
5.34382267233364
1.95408033397911
2.34816586662448
3.81594998776403
5.6203547437131
2.77015860530987
3.29107332628058
3.25830270459875
1.36090578701351
0.964829096347922
2.76490094232089
3.33641271463643
5.61272483335949
0.0744951568056307
1.05870092726278
1.93100525671787
4.24783473171721
3.87292300388812
-0.430847538980707
2.78570077563191
0.510356602570388
0.526135087534075
1.99503402283503
5.34942676890406
1.96392884126774
7.79560523118067
3.33408890097856
3.11431249775086
-0.689406116219413
3.55375942552797
1.99818799420097
3.72339717019864
3.363699154351
0.372653864215676
5.19266755964318
-2.79566961781002
1.87563761543808
1.64231325687182
0.364073715845649
5.18808369331825
4.09710577597047
1.78787679880748
1.43248105063489
3.80218674778956
2.99409421139787
3.03114487085905
7.16141681694905
2.28363569909791
3.53965998768207
2.5622299594329
6.46983906588486
5.23091669277141
1.71499160190697
3.39705019492072
1.45457536606147
-1.17869613816426
3.675366083402
1.37207913188082
0.125461570751527
0.323923295729086
3.74068709296324
1.63016723732748
8.77995396432617
0.163056481283761
1.56981075534358
2.39854120504655
4.37127979444414
3.14717416049342
5.89195906923799
0.941475144611415
2.46219077066591
3.65576407855527
1.9769999582674
1.15290243041512
3.33293942951711
3.51831227227371
1.46346876255911
1.72896281729974
4.20048738140185
3.40038246406662
4.47759849775124
1.97220258834347
3.10803729259469
1.17680168314895
1.22343106653614
3.23646839229433
4.5860860750795
2.20229317267543
1.42964087928377
5.09882025833206
-0.299178819140012
3.48065043631604
3.3144747700425
8.28039126772178
4.81806315959318
2.23839818294119
5.48115000368504
4.02155617126993
2.35527778020345
1.96806708799835
3.42994414239223
0.220678559742362
1.39318249024348
5.62850195190617
3.36367888642025
2.85287223815998
3.93145856724195
3.46194377433638
2.86278672003726
2.87286295962222
0.408330256331963
6.10363573072318
1.22897815777113
1.98053050924856
2.00560280460331
3.11109875233728
0.802613597407304
0.382843064222713
1.68990458273396
3.95388331637364
0.501736405285868
-0.450816063995164
2.58337357264941
-0.427245279072843
2.02885839633667
1.7638889327633
3.74989585878263
6.13513895848822
0.169154411312601
2.72587821904153
1.69871061628384
2.73737765598081
2.34003693392139
3.84919386067679
3.70251610179877
3.24857054174283
1.10401045250852
2.84725188129257
2.16521348929929
3.46439583407977
3.40612255136087
6.60380352863378
1.7305542191774
4.72365359557545
3.50666790304361
-0.461964692183901
5.7909272601392
5.98896674234462
2.81368387408637
2.90961144696357
3.14488544769886
4.47264134870578
-0.976254384571404
3.52908523885987
3.08773385901307
2.82579822120921
3.7410064482098
4.4854210082616
3.58974885929117
3.27306565288463
1.88585205514041
1.74267537126116
2.84626850962689
5.90016837420649
4.80542060035372
0.370500680757896
0.434314302095083
5.65068063249449
1.51826044323991
4.22151721822829
-0.509485433726387
2.79592704111552
4.24811733489927
6.25982506202612
2.86202892790766
6.35108851332081
2.70549688509377
4.34130829708549
2.89510656001301
3.8531064879994
0.035131426103292
2.06656385592609
4.16327504812511
1.83537297413936
3.61184934428451
2.83467938104014
4.37420037298048
0.0324226291490134
3.16703472399628
0.289940972823858
1.57365767755307
-0.230287995840957
3.50367537934569
2.6251778872496
0.68472247740196
4.32697234964319
6.09135691597535
5.49508012292722
1.05318056853252
3.75573254487058
1.78137362061711
3.45948067955859
2.16166388546142
8.84892885438322
3.63487182492472
3.10650591387849
3.39490440421978
0.312134267047891
5.47919543275089
4.75177503720256
2.24157439147878
1.36104034067256
1.77028727851157
2.60435037225568
0.201825693647836
4.48849425882734
0.917397890293613
1.52613613701342
4.42183214734526
2.32621226288463
2.42338740760685
3.81312367220323
4.17944073841717
3.39950522681377
5.11070363832801
0.624087625705313
3.78471002317967
4.64056473130975
5.03799259282403
3.92796892602767
1.08294580102306
3.04955634274435
2.73664561698544
4.72806256941205
4.36496475510306
4.70131105788747
4.71456294601804
7.29532505248757
3.69924065894621
4.9972577995521
1.6872316399258
2.81217629492252
5.38816242200548
3.2232770310024
3.69796858636186
1.75847557438021
3.98004400431644
3.33649963525037
1.17367138580385
6.80584757615838
4.25774940384106
4.27286099778053
2.97665180013528
4.95104608232592
2.56561520051642
2.29544229313508
2.0337462111439
3.18915906839157
0.749043226169089
3.8318982291701
2.23847359214761
2.29310944012841
3.86681018953329
1.58156329964383
3.05257424614777
4.9041988890515
2.54431094710522
2.65846518368255
-0.497714664712385
4.88327954466677
3.79282986244603
1.53904103406817
2.43782301047302
4.67527528288379
2.81220106962927
0.734508933362294
1.14609948756543
2.91753491033889
2.96133820852548
4.18177747948485
1.80117474433213
3.15866523681528
2.10479937048779
2.69205468974206
3.01328399341397
4.25695296642567
0.805787636715686
0.371224477472596
1.88178107225952
7.00203743712662
1.81893029613842
-0.903584203270666
3.5673029593442
0.495264569936299
4.54728596781081
2.91510601318901
2.39024071390728
7.9125434689185
0.345952662481662
2.85496507758829
3.54206282108348
2.321766334928
2.34442395554587
2.83273194586096
2.98587235199359
4.76132950300208
2.92413391145733
2.6349051711538
4.38786520194534
3.6745546986483
1.58302085654213
-0.858971531094403
0.498863350405246
4.86104895008498
3.94925678231007
4.81388787565151
4.47584150929271
6.97494107972671
6.56294158457307
3.78452303396704
1.55446565323003
5.79362261602675
3.93808673853894
5.17824653762882
6.25403997307729
-1.39752675118934
2.23985806877257
2.39683844651863
1.41774433270432
1.94889633115827
2.34535821809432
6.120081535946
2.59249043353536
3.28540990007286
1.09865175965166
3.38769446135961
2.761960971154
0.57523842945552
1.20094199830846
-0.264281854631049
8.62517642207485
4.29639021979685
3.48432669632339
1.81929042861438
4.05928527329331
4.57494997740732
4.47458035752014
2.72271915230536
2.9095346835197
2.80133014316026
9.94058377910718
4.79005195033152
3.39690758632084
2.5265187196195
1.3951344498339
4.39006164739004
3.98583299430403
4.10812957631613
2.8154015074632
3.69586487877663
2.23473201320882
3.93563554708945
3.13283795488169
0.713366438512514
2.04722740273646
2.84020674677172
2.74748444275531
3.10385110174044
3.40539838123864
3.80212177028527
3.29900443793655
2.69448825894352
5.6666455624332
4.3058179825423
-0.319087536313417
4.90334384345019
1.00733608533077
2.62291580501891
2.41259654903104
2.89683442272172
0.948272401890373
4.66658978422154
2.84206175943361
5.38515813770076
0.644336360797791
-2.89595398793452
0.786293752147576
2.77641564392816
3.86213340845641
1.13665454725198
3.87665391202632
3.80704890021902
4.07252117067502
4.29677009734727
-0.071205779930947
3.92541904626453
1.62803372232341
1.9583630458752
8.18518140768394
2.50543406952315
4.12516046243473
3.76673966263813
4.43220729032828
5.36155063000646
0.748913569963646
3.92778000092726
2.75861505792296
5.49391934551866
4.83875100454285
2.19629647427405
0.945655932617084
4.91280786402915
5.70031799536986
3.05417951269444
3.63190254790689
3.45012672206355
5.51051308734025
2.42918596495785
-0.378428291556062
3.17040021328225
1.03998733492758
2.75991567238312
6.53142400564383
5.04205609573797
4.76845995530539
-1.29796379950108
2.70454118373289
-3.32718689294462
4.36585646655181
6.89007876370999
3.06814279519778
0.544348577009123
2.36102118262643
2.47805738882467
2.91089408441004
-0.153107011476307